,Station,Dip,Azimuth,GHS,GTF,DLS,Easting,Northing,Elevation,UpDown,LeftRight,Shortfall,GravField,Drift check,Accumulated roll,Accumulated roll (rev),Roll to station,Roll to station (rev),Time to station,Temperature,Battery,Station acc.,Station rate,Station Quality,Max. rate,Motion Quality,Unnamed: 26,Deviation
0,0,-72.4043,90.0,91.4285,91.4285,0.0,620852.882,4631519.595,1359.558,0.0,0.0,0.0,0.9976,Yes,17.6078,0.0489,-10.4439,-0.028999999999999998,28.0166,14.2615,7.796,0.002,0.0005,100,0.6257,100.0,,0.0
1,3,-72.0146,89.9921,101.8784,101.8724,3.8974,620853.7986,4631519.5951,1356.7015,0.0102,-0.0001,0.9166,0.9972,Yes,28.0517,0.0779,26.4207,0.0734,28.1887,14.2145,7.7996,0.0012,0.001,100,0.4222,99.9425,,0.010969273072464775
2,6,-71.6686,90.85,74.7977,75.4517,4.3724,620854.7335,4631519.5881,1353.8509,0.0396,0.0069,1.8515,0.9976,Yes,1.631,0.0045,2.7055,0.0075,28.1395,14.1697,7.8019,0.001,0.0004,100,0.2062,100.0,,0.007413446776220458
3,9,-71.2351,91.8174,71.1548,72.7462,5.3164,620855.6875,4631519.5658,1351.0067,0.0894,0.0292,2.8056,0.9981,Yes,-1.0745,-0.003,-3.5105,-0.0098,28.4426,14.125,7.8031,0.001,0.0009,100,0.1495,100.0,,0.03889473927684032
4,12,-70.993,93.0357,73.6145,76.2567,4.6271,620856.6576,4631519.5247,1348.1683,0.1565,0.0704,3.7763,0.9981,Yes,2.436,0.0068,0.5446,0.0015,28.0003,14.0805,7.8061,0.001,0.0004,100,0.1916,100.0,,0.10006156785506465
5,15,-70.7142,94.6334,71.5014,75.7121,5.9352,620857.6393,4631519.4588,1345.3342,0.2367,0.1362,4.7592,0.9981,Yes,1.8914,0.0053,0.0917,0.0003,28.2788,14.0299,7.8095,0.001,0.0003,100,0.129,100.0,,0.1876524855938493
6,18,-70.5931,95.7574,70.3695,75.6204,3.9155,620858.629,4631519.3688,1342.5036,0.3268,0.2263,5.7514,0.998,Yes,1.7997,0.005,-3.6813,-0.0102,28.287,13.9745,7.8115,0.0009,0.0006,100,0.2081,100.0,,0.29908818995757996
7,21,-70.62899999999999,95.9005,73.9362,79.3017,0.5956,620859.6198,4631519.2676,1339.6738,0.4191,0.3274,6.7457,0.9979,Yes,5.481,0.0152,-3.7122,-0.0103,28.1887,13.9293,7.8143,0.0009,0.0004,100,0.1704,100.0,,0.42030515969089194
8,24,-70.8552,95.8067,77.7687,83.0139,2.2826,620860.6041,4631519.1667,1336.8416,0.505,0.4283,7.7339,0.9977,Yes,9.1932,0.0255,1.9452,0.0054,28.2788,13.8748,7.816,0.0009,0.0003,100,0.1905,100.0,,0.5373639980388685
9,27,-71.0154,95.6226,75.975,81.0687,1.7114,620861.5791,4631519.0691,1334.0062,0.5811,0.5259,8.713,0.9978,Yes,7.247999999999999,0.0201,0.0298,0.0001,28.287,13.8179,7.8198,0.0009,0.0003,100,0.1704,100.0,,0.646291217604774
10,30,-71.0704,95.7667,75.7669,81.039,0.7224,620862.5489,4631518.9724,1331.1689,0.6517,0.6226,9.6869,0.9979,Yes,7.2183,0.0201,-2.0636,-0.0057,28.1395,13.7595,7.8216,0.0009,0.0003,100,0.3916,100.0,,0.7517242836639334
11,33,-70.9723,95.6793,77.8702,83.1025,1.0216,620863.5196,4631518.8751,1328.332,0.7236,0.7199,10.662,0.9981,Yes,9.2818,0.0258,-1.3222,-0.0037,28.1887,13.6984,7.8229999999999995,0.0009,0.0003,100,0.1306,100.0,,0.858561934299834
12,36,-70.8641,96.0433,78.8279,84.4247,1.6082,620864.4953,4631518.775,1325.4968,0.8009,0.8201,11.6422,0.998,Yes,10.604000000000001,0.0295,-1.6665,-0.0046,28.1887,13.6298,7.8262,0.0009,0.0003,100,0.3016,100.0,,0.9708175056159584
13,39,-70.8123,95.9782,80.5628,86.0913,0.5612,620865.4746,4631518.6718,1322.6629999999998,0.8823,0.9232,12.6263,0.9978,Yes,12.2706,0.0341,2.1672,0.006,28.2051,13.5576,7.8303,0.0009,0.0003,100,0.2953,100.0,,1.0878452915114845
14,42,-70.6377,96.2548,78.1427,83.9241,1.9696,620866.4592,4631518.5663,1319.8312,0.9698,1.0287,13.6161,0.9978,Yes,10.1034,0.0281,3.9005,0.0108,28.3525,13.4814,7.8313,0.0009,0.0003,100,0.1285,100.0,,1.2098544426954785
15,45,-70.7823,96.0069,74.4387,80.0236,1.6617,620867.4446,4631518.4605,1316.9996,1.058,1.1345,14.6067,0.9982,Yes,6.2029,0.0172,-0.2,-0.0006,28.2624,13.4018,7.832999999999999,0.0009,0.0003,100,0.1759,100.0,,1.3325585485157667
16,48,-70.965,96.3287,74.3855,80.2235,2.1093,620868.4219,4631518.3549,1314.1652,1.1378,1.2401,15.5893,0.9983,Yes,6.4029,0.0178,-2.5111,-0.006999999999999999,28.3607,13.3251,7.8376,0.0009,0.0003,100,0.2103,100.0,,1.4506326820270827
17,51,-71.2121,95.8714,77.3568,82.7347,2.8813,620869.3887,4631518.2515,1311.3272,1.2063,1.3435,16.5612,0.998,Yes,8.914,0.0248,-4.3109,-0.012,28.8768,13.2378,7.8398,0.0009,0.0003,100,0.0965,100.0,,1.561193827384487
18,54,-71.3333,95.7644,81.7535,87.0456,1.2601,620870.3469,4631518.1539,1308.486,1.2654,1.4411,17.5243,0.9978,Yes,13.2249,0.0367,-0.5441,-0.0015,28.7212,13.152999999999999,7.8419,0.0009,0.0003,100,0.2066,100.0,,1.6623117179680929
19,57,-71.2401,95.6517,82.4096,87.5897,1.0001,620871.3046,4631518.0582,1305.6446,1.3238,1.5369,18.4866,0.9977,Yes,13.769,0.0382,-0.6516,-0.0018,28.7375,13.0696,7.845,0.001,0.0003,100,0.191,100.0,,1.761743969224994
20,60,-71.1263,95.8291,82.8355,88.2413,1.2735,620872.2674,4631517.9614,1302.8049,1.3876,1.6336,19.4541,0.9979,Yes,14.4206,0.0401,2.5348,0.006999999999999999,29.695999999999998,12.9875,7.8489,0.0008,0.0003,100,0.1365,100.0,,1.8649149050657043
21,63,-71.0758,95.8974,80.2641,85.7065,0.5515,620873.2339999999,4631517.8621,1299.9667,1.4557,1.7329,20.4257,0.9979,Yes,11.8858,0.033,1.8377,0.0051,28.7048,12.9187,7.8516,0.0009,0.0003,100,0.1402,100.0,,1.9723255117486955
22,66,-71.1781,95.9059,78.3957,83.8687,1.0233,620874.1993,4631517.7623,1297.128,1.5224,1.8327,21.3959,0.998,Yes,10.0481,0.0279,1.3212,0.0037,28.2706,12.86,7.8538,0.0008,0.0003,100,0.1142,100.0,,2.0795717739657325
23,69,-71.2563,96.3317,76.6634,82.5476,1.5783,620875.1597,4631517.6594,1294.2877,1.5844,1.9356,22.3617,0.9983,Yes,8.7269,0.0242,-3.2104,-0.0089,28.7212,12.8279,7.8577,0.001,0.0003,100,0.2469,100.0,,2.1872143110963354
24,72,-71.3892,96.296,79.9438,85.7579,1.3345,620876.1146,4631517.5537,1291.4457,1.6408,2.0413,23.3221,0.9979,Yes,11.9373,0.0332,-3.4904,-0.0097,28.4181,12.8245,7.8612,0.0009,0.0003,100,0.1284,100.0,,2.2948339491122796
25,75,-71.4251,96.2387,83.4441,89.2484,0.4026,620877.0654,4631517.4493,1288.6023,1.6928,2.1457,24.2784,0.9978,Yes,15.4277,0.0429,1.3465,0.0037,28.4754,12.8446,7.8626,0.0009,0.0003,100,0.0778,100.0,,2.3995543918264475
26,78,-71.4209,96.2614,82.1367,87.9019,0.0839,620878.0155,4631517.3452,1285.7586,1.7439,2.2498,25.234,0.9981,Yes,14.0812,0.0391,-0.8393,-0.0023,28.8277,12.8817,7.8677,0.0009,0.0003,100,0.0906,100.0,,2.5039078951135942
27,81,-71.4042,95.99,83.1894,88.7412,0.8814,620878.9663,4631517.2432,1282.9151,1.7957,2.3518,26.1901,0.9979,Yes,14.9205,0.0414,2.3576,0.0065,29.0652,12.9155,7.871,0.0009,0.0003,100,0.1509,100.0,,2.606897343130667
28,84,-71.3152,95.897,80.8712,86.3836,0.9376,620879.92,4631517.1439,1280.0725,1.8503,2.4511,27.1489,0.998,Yes,12.5629,0.0349,-0.436,-0.0012,29.057,12.9618,7.8725,0.0009,0.0003,100,0.1348,100.0,,2.7088995034376544
29,87,-71.4249,95.7424,81.5176,86.8196,1.2026,620880.8734,4631517.0467,1277.2297,1.9044,2.5483,28.1072,0.9978,Yes,12.9989,0.0361,-1.094,-0.003,28.9096,13.0097,7.8766,0.0009,0.0003,100,0.071,100.0,,2.808947672699254
30,90,-71.3832,96.0219,82.3492,87.9136,0.9840000000000001,620881.825,4631516.9487,1274.3863,1.9567,2.6463,29.0638,0.9977,Yes,14.093,0.0391,2.3475,0.0065,28.671999999999997,13.0637,7.8804,0.0009,0.0003,100,0.1311,100.0,,2.909017926585182
31,93,-71.3912,96.1153,79.9281,85.5662,0.3086,620882.7772,4631516.8475,1271.5432,2.0099,2.7475,30.0212,0.998,Yes,11.7455,0.0326,1.6885,0.0047,28.1723,13.1209,7.8834,0.0009,0.0003,100,0.1965,100.0,,3.012375986906851
32,96,-71.4583,96.2698,78.0523,83.8777,0.8321,620883.7273,4631516.7444,1268.6995,2.0611,2.8506,30.9767,0.9979,Yes,10.057,0.0279,-2.4825,-0.0069,28.5491,13.1825,7.8865,0.0009,0.0003,100,0.1968,100.0,,3.1166843403247877
33,99,-71.4591,96.3333,80.4814,86.3602,0.2022,620884.6755,4631516.6397,1265.8552,2.1104,2.9553,31.9305,0.9977,Yes,12.5395,0.0348,-0.408,-0.0011,28.1231,13.2384,7.8899,0.0009,0.0003,100,0.0976,100.0,,3.2217820715874153
34,102,-71.5786,96.0649,81.1372,86.7682,1.4675,620885.6209,4631516.537,1263.0099,2.1567,3.0580000000000003,32.8814,0.998,Yes,12.9475,0.036000000000000004,0.49200000000000005,0.0014,28.0658,13.3028,7.8925,0.0009,0.0003,100,0.1512,100.0,,3.3240070302644633
35,105,-71.7201,96.2011,80.5219,86.2762,1.4779,620886.56,4631516.4361,1260.1625,2.1961,3.1589,33.8258,0.998,Yes,12.4555,0.0346,-1.0897,-0.003,27.9593,13.3627,7.8957,0.001,0.0003,100,0.3267,100.0,,3.4221586822633645
36,108,-71.6789,96.1519,81.7193,87.3659,0.4402,620887.4965,4631516.3347,1257.3142,2.233,3.2603,34.7677,0.9979,Yes,13.5453,0.0376,-2.0887,-0.0058,28.033,13.4201,7.8998,0.0009,0.0003,100,0.1347,100.0,,3.5199418157321123
37,111,-71.7651,96.126,83.787,89.4546,0.866,620888.432,4631516.2341,1254.4656,2.2686,3.3609,35.7085,0.9978,Yes,15.6339,0.0434,-0.6414,-0.0018,28.2214,13.4752,7.902,0.0009,0.0003,100,0.076,100.0,,3.616827105958736
38,114,-71.8585,95.6277,84.8916,90.096,1.814,620889.3635,4631516.1382,1251.6155,2.2996,3.4568,36.6449,0.9976,Yes,16.2753,0.0452,6.0242,0.0167,28.3607,13.5264,7.9061,0.0009,0.0003,100,0.0844,100.0,,3.7080068647879423
39,117,-71.9417,95.4523,79.0476,84.0719,0.9955,620890.2912,4631516.0482,1248.7639,2.326,3.5468,37.5769,0.9977,Yes,10.2512,0.0285,-3.4192,-0.0095,28.1559,13.5768,7.9114,0.0009,0.0003,100,0.1527,100.0,,3.7924621644848897
40,120,-72.0539,95.6968,82.277,87.491,1.3524,620891.2139,4631515.9582,1245.9108,2.3473,3.6368,38.5041,0.9977,Yes,13.6703,0.038,-4.0452,-0.0112,28.0003,13.6263,7.9127,0.0009,0.0003,100,0.1853,100.0,,3.875366407867096
41,123,-72.0671,95.1756,86.7974,91.5362,1.6109,620892.1338,4631515.8706,1243.0566,2.3653,3.7244,39.4281,0.9977,Yes,17.7155,0.0492,10.9074,0.0303,27.9921,13.6717,7.9151,0.0009,0.0003,100,0.0977,100.0,,3.955312159415084
42,126,-72.2455,95.2196,75.857,80.6288,1.7891,620893.0493,4631515.7874,1240.2009,2.3783,3.8077,40.3474,0.9977,Yes,6.8081,0.0189,-8.2741,-0.023,28.033,13.7139,7.9205,0.0009,0.0003,100,0.2237,100.0,,4.029908878450609
43,129,-72.4342,94.976,84.3022,88.9029,2.0266,620893.9558,4631515.7065,1237.3423,2.3816,3.8885,41.2574,0.9976,Yes,15.0822,0.0419,3.5522,0.0099,28.1231,13.7535,7.9228,0.0009,0.0003,100,0.1119,100.0,,4.099690088978968
44,132,-72.5279,94.4215,81.2783,85.3507,1.9139,620894.8558,4631515.6325,1234.4815,2.3775,3.9625,42.1604,0.9975,Yes,11.53,0.032,2.6425,0.0073,28.9096,13.7848,7.9258,0.0009,0.0003,100,0.15,100.0,,4.161315286020412
45,135,-72.6076,94.1596,78.7773,82.7082,1.1183,620895.752,4631515.5653,1231.6193,2.3688,4.0298,43.059,0.9979,Yes,8.8875,0.0247,-2.4986,-0.0069,28.1068,13.8158,7.9304,0.0009,0.0003,100,0.1319,100.0,,4.21583500967967
46,138,-72.7595,94.3793,81.1047,85.2069,1.6544,620896.6425,4631515.4988,1228.7552,2.354,4.0962,43.9518,0.9977,Yes,11.3862,0.0316,-1.7038,-0.0047,28.3935,13.845,7.9334,0.0009,0.0003,100,0.1163,100.0,,4.268595114930204
47,141,-72.7885,94.0578,83.1659,86.9107,0.9949,620897.5285,4631515.4334,1225.8898,2.3345,4.1616,44.84,0.9978,Yes,13.09,0.0364,-2.762,-0.0077,28.0658,13.8704,7.9373,0.0009,0.0003,100,0.0759,100.0,,4.319759770777122
48,144,-72.8627,93.7228,86.242,89.6726,1.2365,620898.4123,4631515.3733,1223.0236,2.3122,4.2217,45.7256,0.9975,Yes,15.852,0.044000000000000004,-0.0681,-0.0002,28.1395,13.8846,7.9418,0.0009,0.0003,100,0.0531,100.0,,4.366002340188967
49,147,-72.9588,93.0743,86.9066,89.7408,2.1345,620899.2923,4631515.321,1220.156,2.2852,4.274,46.6067,0.9976,Yes,15.9201,0.0442,3.9447,0.011000000000000001,28.0166,13.8934,7.9452,0.0009,0.0003,100,0.0853,100.0,,4.404494056135702
50,150,-73.0029,92.3268,83.6044,85.7961,2.2317,620900.1694,4631515.2797,1217.2874,2.2542,4.3153,47.4839,0.9974,Yes,11.9754,0.0333,-4.9743,-0.0138,28.0658,13.8933,7.9503,0.0009,0.0003,100,0.2054,100.0,,4.4324044378818765
51,153,-72.9281,92.0369,88.8214,90.7704,1.1316,620901.0476,4631515.2462,1214.4189999999999,2.2237,4.3488,48.3615,0.9975,Yes,16.9497,0.0471,3.1215,0.0087,28.0822,13.8947,7.9528,0.0009,0.0003,100,0.0301,100.0,,4.4537538069558
52,156,-72.8252,91.5647,86.0935,87.6489,1.7295,620901.9304,4631515.2185,1211.552,2.1975,4.3765,49.2433,0.9975,Yes,13.8282,0.0384,1.3497,0.0037,28.2952,13.8991,7.9557,0.0009,0.0003,100,0.0629,100.0,,4.471134389335281
53,159,-72.693,91.5534,84.875,86.2991,1.3224,620902.8193,4631515.1943,1208.6868,2.1773,4.4007,50.1308,0.9978,Yes,12.4785,0.0347,1.1268,0.0031,28.033,13.9,7.9618,0.0009,0.0003,100,0.0761,100.0,,4.486890979255585
54,162,-72.6735,91.4492,83.8477,85.1723,0.3667,620903.7119,4631515.1709,1205.8228,2.1611,4.4241,51.0221,0.998,Yes,11.3517,0.0315,2.6685,0.0074,28.3771,13.8977,7.9638,0.0009,0.0003,100,0.0634,100.0,,4.503011655365524
55,165,-72.691,91.2609,81.4083,82.5038,0.5874,620904.6047,4631515.1498,1202.9588,2.1449,4.4452,51.9134,0.998,Yes,8.6831,0.0241,1.0325,0.0029,28.2542,13.892000000000001,7.9704,0.0009,0.0003,100,0.3412,100.0,,4.5172537512534365
56,168,-72.7466,91.3077,80.3349,81.4714,0.5734,620905.4957,4631515.1298,1200.0942,2.1268,4.4652,52.8028,0.9979,Yes,7.6507,0.0213,2.5149,0.006999999999999999,28.6884,13.8815,7.9736,0.0009,0.0003,100,0.1494,100.0,,4.5304304079297975
57,171,-72.8574,91.1545,77.918,78.9564,1.1976,620906.3825,4631515.1107,1197.2283,2.1043,4.4843,53.6881,0.9979,Yes,5.1358,0.0143,5.1358,0.0143,30.1056,13.8568,7.9782,0.0008,0.0003,100,0.1459,100.0,,4.542386156557608
58,174,-72.9666,90.7188,73.0408,73.8207,1.6821,620907.2639,4631515.0963,1194.3608,2.0758,4.4987,54.5676,0.9983,Yes,0.0,0.0,0.0,0.0,0.0,13.8015,7.9827,0.0009,0.0003,100,0.0,100.0,,4.549303214283329
